
1 4 
3 5 
5 6 
7 7 
9 8 
11 9 
13 10 
15 11 
17 12 
19 13 
21 14 
23 15 
25 16 
27 17 
29 18 
31 19 
33 20 
35 21 
37 22 
39 23 
41 24 
43 25 
45 26 
47 27 
49 28 
51 29 
53 30 
55 31 
57 32 
59 33 
61 34 
63 35 
65 36 
67 37 
69 38 
71 39 
73 40 
75 41 
77 42 
79 43 
81 44 
83 45 
85 46 
87 47 
89 48 
91 49 
93 50 
95 51 
97 52 
99 53 

51 29 
53 30 
55 31 
57 32 
59 33 
61 34 
63 35 
65 36 
67 37 
69 38 
71 39 
73 40 
75 41 
77 42 
79 43 
81 44 
83 45 
85 46 
87 47 
89 48 
91 49 
93 50 
95 51 
97 52 
99 53 
